td_0_string=Nowy_TextDraw
td_0_data=182.000000 376.000000 5 1 1 0 0.600000 2.000000 -1 255 0 0 70.500000 51.500000 0 1 1 1484 1 1 -10.000000 0.000000 -20.000000 1.000000 255 255 0 textdraw_0
td_1_string=Preview_Model
td_1_data=289.000000 343.000000 5 1 0 0 0.600000 2.000000 -1 125 255 0 112.500000 110.500000 0 1 1 11736 1 1 -37.000000 0.000000 -152.000000 1.359999 255 125 255 textdraw_1
td_2_string=5_______________5
td_2_data=224.000000 402.000000 1 1 1 0 0.541666 1.950000 9145343 255 50 0 400.000000 17.000000 0 1 1 0 1 1 -10.000000 0.000000 -20.000000 1.000000 255 255 50 textdraw_2
